1
1
3
1
(16 0
((0,0,0) (7,3,3) (0,0,0))
((0,4,0) (7,7,3) (0,0,0))
((0,0,4) (7,3,7) (0,0,0))
((0,4,4) (7,7,7) (0,0,0))
((8,0,0) (15,3,3) (0,0,0))
((8,4,0) (15,7,3) (0,0,0))
((8,0,4) (15,3,7) (0,0,0))
((8,4,4) (15,7,7) (0,0,0))
((0,8,0) (7,11,3) (0,0,0))
((0,12,0) (7,15,3) (0,0,0))
((0,8,4) (7,11,7) (0,0,0))
((0,12,4) (7,15,7) (0,0,0))
((8,8,0) (15,11,3) (0,0,0))
((8,12,0) (15,15,3) (0,0,0))
((8,8,4) (15,11,7) (0,0,0))
((8,12,4) (15,15,7) (0,0,0))
)
16
FabOnDisk: X_k_D_00000 0
FabOnDisk: X_k_D_00001 0
FabOnDisk: X_k_D_00002 0
FabOnDisk: X_k_D_00003 0
FabOnDisk: X_k_D_00004 0
FabOnDisk: X_k_D_00005 0
FabOnDisk: X_k_D_00006 0
FabOnDisk: X_k_D_00007 0
FabOnDisk: X_k_D_00008 0
FabOnDisk: X_k_D_00009 0
FabOnDisk: X_k_D_00010 0
FabOnDisk: X_k_D_00011 0
FabOnDisk: X_k_D_00012 0
FabOnDisk: X_k_D_00013 0
FabOnDisk: X_k_D_00014 0
FabOnDisk: X_k_D_00015 0

16,3
2.0000000000000002e-05,0.0000000000000000e+00,1.9999999999999999e-06,
1.9999999998111321e-05,0.0000000000000000e+00,1.9999999999977125e-06,
0.0000000000000000e+00,0.0000000000000000e+00,0.0000000000000000e+00,
0.0000000000000000e+00,0.0000000000000000e+00,0.0000000000000000e+00,
2.0000000000000002e-05,0.0000000000000000e+00,1.9999999999999999e-06,
1.9999999997043735e-05,0.0000000000000000e+00,1.9999999999999999e-06,
0.0000000000000000e+00,0.0000000000000000e+00,0.0000000000000000e+00,
0.0000000000000000e+00,0.0000000000000000e+00,0.0000000000000000e+00,
1.9999999995280300e-05,0.0000000000000000e+00,1.9999999999997331e-06,
2.0000000000000002e-05,0.0000000000000000e+00,1.9999999999999999e-06,
0.0000000000000000e+00,0.0000000000000000e+00,0.0000000000000000e+00,
0.0000000000000000e+00,0.0000000000000000e+00,0.0000000000000000e+00,
1.9999999992804172e-05,0.0000000000000000e+00,1.9999999999999999e-06,
2.0000000000000002e-05,0.0000000000000000e+00,1.9999999999999999e-06,
0.0000000000000000e+00,0.0000000000000000e+00,0.0000000000000000e+00,
0.0000000000000000e+00,0.0000000000000000e+00,0.0000000000000000e+00,

16,3
2.0000000000000002e-05,0.0000000000000000e+00,1.9999999999999999e-06,
2.0000000000000002e-05,0.0000000000000000e+00,1.9999999999999999e-06,
2.0000000000000002e-05,0.0000000000000000e+00,1.9999999999999999e-06,
2.0000000000000002e-05,0.0000000000000000e+00,2.0041572881155191e-06,
2.0000000000000002e-05,0.0000000000000000e+00,1.9999999999999999e-06,
2.0000000000000002e-05,0.0000000000000000e+00,2.0000000000641643e-06,
2.0000000000000002e-05,0.0000000000000000e+00,1.9999999999999999e-06,
2.0000000000000002e-05,0.0000000000000000e+00,2.0055558126399094e-06,
2.0000000000000002e-05,0.0000000000000000e+00,2.0000000000058851e-06,
2.0000000000000002e-05,0.0000000000000000e+00,1.9999999999999999e-06,
2.0000000000000002e-05,0.0000000000000000e+00,2.0257427242507183e-06,
2.0000000000000002e-05,0.0000000000000000e+00,1.9999999999999999e-06,
2.0000000000000002e-05,0.0000000000000000e+00,2.0000000001813018e-06,
2.0000000000000002e-05,0.0000000000000000e+00,1.9999999999999999e-06,
2.0000000000000002e-05,0.0000000000000000e+00,2.0307424255543669e-06,
2.0000000000000002e-05,0.0000000000000000e+00,1.9999999999999999e-06,

