1
1
1
1
(16 0
((0,0,0) (7,3,3) (0,0,0))
((0,4,0) (7,7,3) (0,0,0))
((0,0,4) (7,3,7) (0,0,0))
((0,4,4) (7,7,7) (0,0,0))
((8,0,0) (15,3,3) (0,0,0))
((8,4,0) (15,7,3) (0,0,0))
((8,0,4) (15,3,7) (0,0,0))
((8,4,4) (15,7,7) (0,0,0))
((0,8,0) (7,11,3) (0,0,0))
((0,12,0) (7,15,3) (0,0,0))
((0,8,4) (7,11,7) (0,0,0))
((0,12,4) (7,15,7) (0,0,0))
((8,8,0) (15,11,3) (0,0,0))
((8,12,0) (15,15,3) (0,0,0))
((8,8,4) (15,11,7) (0,0,0))
((8,12,4) (15,15,7) (0,0,0))
)
16
FabOnDisk: volfrac_D_00000 0
FabOnDisk: volfrac_D_00001 0
FabOnDisk: volfrac_D_00002 0
FabOnDisk: volfrac_D_00003 0
FabOnDisk: volfrac_D_00004 0
FabOnDisk: volfrac_D_00005 0
FabOnDisk: volfrac_D_00006 0
FabOnDisk: volfrac_D_00007 0
FabOnDisk: volfrac_D_00008 0
FabOnDisk: volfrac_D_00009 0
FabOnDisk: volfrac_D_00010 0
FabOnDisk: volfrac_D_00011 0
FabOnDisk: volfrac_D_00012 0
FabOnDisk: volfrac_D_00013 0
FabOnDisk: volfrac_D_00014 0
FabOnDisk: volfrac_D_00015 0

16,1
1.0000000000000000e+00,
1.0000000000000000e+00,
9.9539805763634304e-01,
9.9096907447354388e-01,
1.0000000000000000e+00,
1.0000000000000000e+00,
9.9539805763634304e-01,
9.9158836301406805e-01,
1.0000000000000000e+00,
1.0000000000000000e+00,
9.9115382295470833e-01,
9.9445315557030001e-01,
1.0000000000000000e+00,
1.0000000000000000e+00,
9.9002924193759601e-01,
9.9840187339179454e-01,

16,1
1.0000000000000000e+00,
1.0000000000000000e+00,
1.0000000000000000e+00,
1.0000000000000000e+00,
1.0000000000000000e+00,
1.0000000000000000e+00,
1.0000000000000000e+00,
1.0000000000000000e+00,
1.0000000000000000e+00,
1.0000000000000000e+00,
1.0000000000000000e+00,
1.0000000000000000e+00,
1.0000000000000000e+00,
1.0000000000000000e+00,
1.0000000000000000e+00,
1.0000000000000000e+00,

