1
1
3
1
(16 0
((0,0,0) (7,3,3) (0,0,0))
((0,4,0) (7,7,3) (0,0,0))
((0,0,4) (7,3,7) (0,0,0))
((0,4,4) (7,7,7) (0,0,0))
((8,0,0) (15,3,3) (0,0,0))
((8,4,0) (15,7,3) (0,0,0))
((8,0,4) (15,3,7) (0,0,0))
((8,4,4) (15,7,7) (0,0,0))
((0,8,0) (7,11,3) (0,0,0))
((0,12,0) (7,15,3) (0,0,0))
((0,8,4) (7,11,7) (0,0,0))
((0,12,4) (7,15,7) (0,0,0))
((8,8,0) (15,11,3) (0,0,0))
((8,12,0) (15,15,3) (0,0,0))
((8,8,4) (15,11,7) (0,0,0))
((8,12,4) (15,15,7) (0,0,0))
)
16
FabOnDisk: X_k_D_00000 0
FabOnDisk: X_k_D_00001 0
FabOnDisk: X_k_D_00002 0
FabOnDisk: X_k_D_00003 0
FabOnDisk: X_k_D_00004 0
FabOnDisk: X_k_D_00005 0
FabOnDisk: X_k_D_00006 0
FabOnDisk: X_k_D_00007 0
FabOnDisk: X_k_D_00008 0
FabOnDisk: X_k_D_00009 0
FabOnDisk: X_k_D_00010 0
FabOnDisk: X_k_D_00011 0
FabOnDisk: X_k_D_00012 0
FabOnDisk: X_k_D_00013 0
FabOnDisk: X_k_D_00014 0
FabOnDisk: X_k_D_00015 0

16,3
1.9999669267175435e-05,0.0000000000000000e+00,1.9999999999999999e-06,
1.9924386802312108e-05,0.0000000000000000e+00,2.0000000000516062e-06,
0.0000000000000000e+00,0.0000000000000000e+00,0.0000000000000000e+00,
4.0750647683925551e-20,0.0000000000000000e+00,2.3513651196467955e-17,
1.9999414163096782e-05,0.0000000000000000e+00,1.9999999999999999e-06,
1.9923056740395997e-05,0.0000000000000000e+00,2.0000000000342239e-06,
0.0000000000000000e+00,0.0000000000000000e+00,0.0000000000000000e+00,
7.3132794934912493e-21,0.0000000000000000e+00,4.6437808084268528e-19,
1.9924705818556346e-05,0.0000000000000000e+00,2.0000000000223383e-06,
1.9999728954173051e-05,0.0000000000000000e+00,1.9999999999999999e-06,
1.7957680310450106e-20,0.0000000000000000e+00,1.3103576256256292e-19,
0.0000000000000000e+00,0.0000000000000000e+00,0.0000000000000000e+00,
1.9925382375998408e-05,0.0000000000000000e+00,2.0000000000091034e-06,
1.9999924202211637e-05,0.0000000000000000e+00,1.9999999999999999e-06,
1.4205301458567996e-21,0.0000000000000000e+00,1.0959545575225805e-18,
0.0000000000000000e+00,0.0000000000000000e+00,0.0000000000000000e+00,

16,3
2.0000000000000002e-05,0.0000000000000000e+00,2.0000768622628655e-06,
1.9999999999717428e-05,0.0000000000000000e+00,2.0509627850981041e-06,
1.9999999999999866e-05,0.0000000000000000e+00,2.5298649134357356e-06,
1.9999723168596118e-05,0.0000000000000000e+00,5.8605453418146815e-06,
2.0000000000000002e-05,0.0000000000000000e+00,2.0001463500650288e-06,
1.9999999999818103e-05,0.0000000000000000e+00,2.0512849137460136e-06,
2.0000000000000002e-05,0.0000000000000000e+00,2.3289108370348458e-06,
1.9999980464298803e-05,0.0000000000000000e+00,5.2339752278759195e-06,
1.9999999999911710e-05,0.0000000000000000e+00,2.0509034366317586e-06,
2.0000000000000002e-05,0.0000000000000000e+00,2.0000611439660880e-06,
1.9999994251092399e-05,0.0000000000000000e+00,6.2013296330765748e-06,
2.0000000000000002e-05,0.0000000000000000e+00,2.2526562902373896e-06,
1.9999999999958741e-05,0.0000000000000000e+00,2.0501628640969665e-06,
2.0000000000000002e-05,0.0000000000000000e+00,2.0000340095183735e-06,
1.9999940382993459e-05,0.0000000000000000e+00,4.6375728284636027e-06,
2.0000000000000002e-05,0.0000000000000000e+00,2.0531757085732792e-06,

