Checkpoint version: 1
3
40000
0.5
20000
0 0 0 
0.128 0.128 0.064000000000000001 
(16 0
((0,0,0) (7,3,3) (0,0,0))
((0,4,0) (7,7,3) (0,0,0))
((0,0,4) (7,3,7) (0,0,0))
((0,4,4) (7,7,7) (0,0,0))
((8,0,0) (15,3,3) (0,0,0))
((8,4,0) (15,7,3) (0,0,0))
((8,0,4) (15,3,7) (0,0,0))
((8,4,4) (15,7,7) (0,0,0))
((0,8,0) (7,11,3) (0,0,0))
((0,12,0) (7,15,3) (0,0,0))
((0,8,4) (7,11,7) (0,0,0))
((0,12,4) (7,15,7) (0,0,0))
((8,8,0) (15,11,3) (0,0,0))
((8,12,0) (15,15,3) (0,0,0))
((8,8,4) (15,11,7) (0,0,0))
((8,12,4) (15,15,7) (0,0,0))
)
(16 0
((0,0,6) (15,7,11) (0,0,0))
((0,8,6) (15,15,11) (0,0,0))
((0,0,12) (15,7,15) (0,0,0))
((0,8,12) (15,15,15) (0,0,0))
((16,0,6) (31,7,11) (0,0,0))
((16,8,6) (31,15,11) (0,0,0))
((16,0,12) (31,7,15) (0,0,0))
((16,8,12) (31,15,15) (0,0,0))
((0,16,6) (15,23,11) (0,0,0))
((0,24,6) (15,31,11) (0,0,0))
((0,16,12) (15,23,15) (0,0,0))
((0,24,12) (15,31,15) (0,0,0))
((16,16,6) (31,23,11) (0,0,0))
((16,24,6) (31,31,11) (0,0,0))
((16,16,12) (31,23,15) (0,0,0))
((16,24,12) (31,31,15) (0,0,0))
)
(16 0
((0,0,16) (15,15,29) (0,0,0))
((16,0,16) (31,15,29) (0,0,0))
((0,16,16) (15,31,29) (0,0,0))
((16,16,16) (31,31,29) (0,0,0))
((32,0,16) (47,15,29) (0,0,0))
((48,0,16) (63,15,29) (0,0,0))
((32,16,16) (47,31,29) (0,0,0))
((48,16,16) (63,31,29) (0,0,0))
((0,32,16) (15,47,29) (0,0,0))
((16,32,16) (31,47,29) (0,0,0))
((0,48,16) (15,63,29) (0,0,0))
((16,48,16) (31,63,29) (0,0,0))
((32,32,16) (47,47,29) (0,0,0))
((48,32,16) (63,47,29) (0,0,0))
((32,48,16) (47,63,29) (0,0,0))
((48,48,16) (63,63,29) (0,0,0))
)
