1
1
3
1
(16 0
((0,0,0) (7,3,3) (0,0,0))
((0,4,0) (7,7,3) (0,0,0))
((0,0,4) (7,3,7) (0,0,0))
((0,4,4) (7,7,7) (0,0,0))
((8,0,0) (15,3,3) (0,0,0))
((8,4,0) (15,7,3) (0,0,0))
((8,0,4) (15,3,7) (0,0,0))
((8,4,4) (15,7,7) (0,0,0))
((0,8,0) (7,11,3) (0,0,0))
((0,12,0) (7,15,3) (0,0,0))
((0,8,4) (7,11,7) (0,0,0))
((0,12,4) (7,15,7) (0,0,0))
((8,8,0) (15,11,3) (0,0,0))
((8,12,0) (15,15,3) (0,0,0))
((8,8,4) (15,11,7) (0,0,0))
((8,12,4) (15,15,7) (0,0,0))
)
16
FabOnDisk: X_k_D_00000 0
FabOnDisk: X_k_D_00001 0
FabOnDisk: X_k_D_00002 0
FabOnDisk: X_k_D_00003 0
FabOnDisk: X_k_D_00004 0
FabOnDisk: X_k_D_00005 0
FabOnDisk: X_k_D_00006 0
FabOnDisk: X_k_D_00007 0
FabOnDisk: X_k_D_00008 0
FabOnDisk: X_k_D_00009 0
FabOnDisk: X_k_D_00010 0
FabOnDisk: X_k_D_00011 0
FabOnDisk: X_k_D_00012 0
FabOnDisk: X_k_D_00013 0
FabOnDisk: X_k_D_00014 0
FabOnDisk: X_k_D_00015 0

16,3
1.9999999999999253e-05,0.0000000000000000e+00,1.9999999999999999e-06,
1.9999807877027306e-05,0.0000000000000000e+00,1.9999999999999999e-06,
0.0000000000000000e+00,0.0000000000000000e+00,0.0000000000000000e+00,
0.0000000000000000e+00,0.0000000000000000e+00,0.0000000000000000e+00,
1.9999999999999399e-05,0.0000000000000000e+00,1.9999999999999999e-06,
1.9999826682917595e-05,0.0000000000000000e+00,1.9999999999999999e-06,
0.0000000000000000e+00,0.0000000000000000e+00,0.0000000000000000e+00,
1.0571638011502553e-32,0.0000000000000000e+00,0.0000000000000000e+00,
1.9999584386633685e-05,0.0000000000000000e+00,1.9999999999999999e-06,
1.9999999995013498e-05,0.0000000000000000e+00,1.9999999999999999e-06,
0.0000000000000000e+00,0.0000000000000000e+00,0.0000000000000000e+00,
0.0000000000000000e+00,0.0000000000000000e+00,0.0000000000000000e+00,
1.9999687689090856e-05,0.0000000000000000e+00,1.9999999999999999e-06,
1.9999999993284748e-05,0.0000000000000000e+00,1.9999999999999999e-06,
0.0000000000000000e+00,0.0000000000000000e+00,0.0000000000000000e+00,
0.0000000000000000e+00,0.0000000000000000e+00,0.0000000000000000e+00,

16,3
2.0000000000000002e-05,0.0000000000000000e+00,1.9999999999999999e-06,
2.0000000000000002e-05,0.0000000000000000e+00,2.0000271926154921e-06,
2.0000000000000002e-05,0.0000000000000000e+00,2.0000000000140107e-06,
2.0000000000000002e-05,0.0000000000000000e+00,2.5559281583730471e-06,
2.0000000000000002e-05,0.0000000000000000e+00,1.9999999999999999e-06,
2.0000000000000002e-05,0.0000000000000000e+00,2.0000258345072972e-06,
2.0000000000000002e-05,0.0000000000000000e+00,2.0000000000162252e-06,
2.0000000000000002e-05,0.0000000000000000e+00,2.6018716708751197e-06,
2.0000000000000002e-05,0.0000000000000000e+00,2.0003444851939215e-06,
2.0000000000000002e-05,0.0000000000000000e+00,2.0000000030645003e-06,
2.0000000000000002e-05,0.0000000000000000e+00,4.5964793194261558e-06,
2.0000000000000002e-05,0.0000000000000000e+00,2.0001315660613879e-06,
2.0000000000000002e-05,0.0000000000000000e+00,2.0001545312170948e-06,
2.0000000000000002e-05,0.0000000000000000e+00,2.0000000033175379e-06,
2.0000000000000002e-05,0.0000000000000000e+00,3.6655998764433553e-06,
2.0000000000000002e-05,0.0000000000000000e+00,2.0001534933982415e-06,

