1
1
3
1
(16 0
((0,0,6) (15,7,11) (0,0,0))
((0,8,6) (15,15,11) (0,0,0))
((0,0,12) (15,7,15) (0,0,0))
((0,8,12) (15,15,15) (0,0,0))
((16,0,6) (31,7,11) (0,0,0))
((16,8,6) (31,15,11) (0,0,0))
((16,0,12) (31,7,15) (0,0,0))
((16,8,12) (31,15,15) (0,0,0))
((0,16,6) (15,23,11) (0,0,0))
((0,24,6) (15,31,11) (0,0,0))
((0,16,12) (15,23,15) (0,0,0))
((0,24,12) (15,31,15) (0,0,0))
((16,16,6) (31,23,11) (0,0,0))
((16,24,6) (31,31,11) (0,0,0))
((16,16,12) (31,23,15) (0,0,0))
((16,24,12) (31,31,15) (0,0,0))
)
16
FabOnDisk: X_k_D_00000 0
FabOnDisk: X_k_D_00001 0
FabOnDisk: X_k_D_00008 0
FabOnDisk: X_k_D_00009 0
FabOnDisk: X_k_D_00002 0
FabOnDisk: X_k_D_00003 0
FabOnDisk: X_k_D_00010 0
FabOnDisk: X_k_D_00011 0
FabOnDisk: X_k_D_00004 0
FabOnDisk: X_k_D_00005 0
FabOnDisk: X_k_D_00012 0
FabOnDisk: X_k_D_00013 0
FabOnDisk: X_k_D_00006 0
FabOnDisk: X_k_D_00007 0
FabOnDisk: X_k_D_00014 0
FabOnDisk: X_k_D_00015 0

16,3
1.9996887260811581e-05,0.0000000000000000e+00,1.9999999999999999e-06,
1.1536535637899758e-05,0.0000000000000000e+00,2.0000000000521606e-06,
0.0000000000000000e+00,0.0000000000000000e+00,0.0000000000000000e+00,
0.0000000000000000e+00,0.0000000000000000e+00,0.0000000000000000e+00,
1.9997479492386370e-05,0.0000000000000000e+00,1.9999999999999999e-06,
1.1984838944764234e-05,0.0000000000000000e+00,2.0000000000468527e-06,
0.0000000000000000e+00,0.0000000000000000e+00,0.0000000000000000e+00,
0.0000000000000000e+00,0.0000000000000000e+00,0.0000000000000000e+00,
1.3399699829998315e-05,0.0000000000000000e+00,2.0000000000455847e-06,
1.9998521629249080e-05,0.0000000000000000e+00,1.9999999999999999e-06,
0.0000000000000000e+00,0.0000000000000000e+00,0.0000000000000000e+00,
4.2685436968065294e-31,0.0000000000000000e+00,0.0000000000000000e+00,
1.3788812812836694e-05,0.0000000000000000e+00,2.0000000000488779e-06,
1.9998512203591990e-05,0.0000000000000000e+00,1.9999999999999999e-06,
0.0000000000000000e+00,0.0000000000000000e+00,0.0000000000000000e+00,
0.0000000000000000e+00,0.0000000000000000e+00,0.0000000000000000e+00,

16,3
2.0000000000000002e-05,0.0000000000000000e+00,2.0012269970432118e-06,
1.9999999999788762e-05,0.0000000000000000e+00,8.8990187028723661e-06,
8.9623426802110795e-17,0.0000000000000000e+00,8.6427875243253510e-18,
1.3198144789607603e-07,0.0000000000000000e+00,9.0638412599102591e-06,
2.0000000000000002e-05,0.0000000000000000e+00,2.0010488066206695e-06,
1.9999999999818567e-05,0.0000000000000000e+00,7.6856096645949450e-06,
6.6397655651953449e-17,0.0000000000000000e+00,1.0714434933696754e-17,
1.8230727373746702e-07,0.0000000000000000e+00,7.7160264799230740e-06,
1.9999999999833824e-05,0.0000000000000000e+00,7.5166381780090450e-06,
2.0000000000000002e-05,0.0000000000000000e+00,2.0007483371586235e-06,
3.9337644903527322e-08,0.0000000000000000e+00,5.1347973344938594e-06,
2.6278058262169091e-17,0.0000000000000000e+00,1.4289199302132465e-17,
1.9999999999815406e-05,0.0000000000000000e+00,6.9203942561789977e-06,
2.0000000000000002e-05,0.0000000000000000e+00,2.0007453366173188e-06,
1.7802799464973869e-07,0.0000000000000000e+00,5.1262773111818308e-06,
2.6664333807444513e-17,0.0000000000000000e+00,1.4120780152353117e-17,

