1
1
3
1
(16 0
((0,0,0) (7,3,3) (0,0,0))
((0,4,0) (7,7,3) (0,0,0))
((0,0,4) (7,3,7) (0,0,0))
((0,4,4) (7,7,7) (0,0,0))
((8,0,0) (15,3,3) (0,0,0))
((8,4,0) (15,7,3) (0,0,0))
((8,0,4) (15,3,7) (0,0,0))
((8,4,4) (15,7,7) (0,0,0))
((0,8,0) (7,11,3) (0,0,0))
((0,12,0) (7,15,3) (0,0,0))
((0,8,4) (7,11,7) (0,0,0))
((0,12,4) (7,15,7) (0,0,0))
((8,8,0) (15,11,3) (0,0,0))
((8,12,0) (15,15,3) (0,0,0))
((8,8,4) (15,11,7) (0,0,0))
((8,12,4) (15,15,7) (0,0,0))
)
16
FabOnDisk: X_k_D_00000 0
FabOnDisk: X_k_D_00001 0
FabOnDisk: X_k_D_00002 0
FabOnDisk: X_k_D_00003 0
FabOnDisk: X_k_D_00004 0
FabOnDisk: X_k_D_00005 0
FabOnDisk: X_k_D_00006 0
FabOnDisk: X_k_D_00007 0
FabOnDisk: X_k_D_00008 0
FabOnDisk: X_k_D_00009 0
FabOnDisk: X_k_D_00010 0
FabOnDisk: X_k_D_00011 0
FabOnDisk: X_k_D_00012 0
FabOnDisk: X_k_D_00013 0
FabOnDisk: X_k_D_00014 0
FabOnDisk: X_k_D_00015 0

16,3
1.9999852182121455e-05,0.0000000000000000e+00,1.9999999999999999e-06,
1.9889850433728212e-05,0.0000000000000000e+00,2.0000000000028849e-06,
4.4219438371068986e-30,0.0000000000000000e+00,0.0000000000000000e+00,
3.5497369451201105e-25,0.0000000000000000e+00,0.0000000000000000e+00,
1.9999865441353597e-05,0.0000000000000000e+00,1.9999999999999999e-06,
1.9899162419522595e-05,0.0000000000000000e+00,2.0000000000023708e-06,
3.2740957511583545e-30,0.0000000000000000e+00,0.0000000000000000e+00,
0.0000000000000000e+00,0.0000000000000000e+00,0.0000000000000000e+00,
1.9900586315353564e-05,0.0000000000000000e+00,2.0000000000028396e-06,
1.9999870348400100e-05,0.0000000000000000e+00,1.9999999999999999e-06,
1.4282202020530157e-25,0.0000000000000000e+00,0.0000000000000000e+00,
3.4876412406565070e-30,0.0000000000000000e+00,0.0000000000000000e+00,
1.9903614602535950e-05,0.0000000000000000e+00,2.0000000000030679e-06,
1.9999869893066223e-05,0.0000000000000000e+00,1.9999999999999999e-06,
2.0815157177852162e-25,0.0000000000000000e+00,0.0000000000000000e+00,
4.1326960524797432e-30,0.0000000000000000e+00,0.0000000000000000e+00,

16,3
2.0000000000000002e-05,0.0000000000000000e+00,2.0000612877252749e-06,
2.0000000000000002e-05,0.0000000000000000e+00,2.0685880266039658e-06,
2.0000000000000002e-05,0.0000000000000000e+00,2.0006076106950700e-06,
1.9999999995783716e-05,0.0000000000000000e+00,5.8814800249286622e-06,
2.0000000000000002e-05,0.0000000000000000e+00,2.0000563507799949e-06,
2.0000000000000002e-05,0.0000000000000000e+00,2.0623120635742434e-06,
2.0000000000000002e-05,0.0000000000000000e+00,2.0004917311189119e-06,
1.9999999996711447e-05,0.0000000000000000e+00,4.6430960017255395e-06,
2.0000000000000002e-05,0.0000000000000000e+00,2.0628043273434872e-06,
2.0000000000000002e-05,0.0000000000000000e+00,2.0000581792574058e-06,
1.9999999997338343e-05,0.0000000000000000e+00,4.7021672956312717e-06,
2.0000000000000002e-05,0.0000000000000000e+00,2.0003972176741712e-06,
2.0000000000000002e-05,0.0000000000000000e+00,2.0599434808233937e-06,
2.0000000000000002e-05,0.0000000000000000e+00,2.0000576619405159e-06,
1.9999999996894637e-05,0.0000000000000000e+00,4.5277410683506922e-06,
2.0000000000000002e-05,0.0000000000000000e+00,2.0003951690277201e-06,

