1
1
1
1
(16 0
((0,0,6) (15,7,11) (0,0,0))
((0,8,6) (15,15,11) (0,0,0))
((0,0,12) (15,7,15) (0,0,0))
((0,8,12) (15,15,15) (0,0,0))
((16,0,6) (31,7,11) (0,0,0))
((16,8,6) (31,15,11) (0,0,0))
((16,0,12) (31,7,15) (0,0,0))
((16,8,12) (31,15,15) (0,0,0))
((0,16,6) (15,23,11) (0,0,0))
((0,24,6) (15,31,11) (0,0,0))
((0,16,12) (15,23,15) (0,0,0))
((0,24,12) (15,31,15) (0,0,0))
((16,16,6) (31,23,11) (0,0,0))
((16,24,6) (31,31,11) (0,0,0))
((16,16,12) (31,23,15) (0,0,0))
((16,24,12) (31,31,15) (0,0,0))
)
16
FabOnDisk: volfrac_D_00000 0
FabOnDisk: volfrac_D_00001 0
FabOnDisk: volfrac_D_00008 0
FabOnDisk: volfrac_D_00009 0
FabOnDisk: volfrac_D_00002 0
FabOnDisk: volfrac_D_00003 0
FabOnDisk: volfrac_D_00010 0
FabOnDisk: volfrac_D_00011 0
FabOnDisk: volfrac_D_00004 0
FabOnDisk: volfrac_D_00005 0
FabOnDisk: volfrac_D_00012 0
FabOnDisk: volfrac_D_00013 0
FabOnDisk: volfrac_D_00006 0
FabOnDisk: volfrac_D_00007 0
FabOnDisk: volfrac_D_00014 0
FabOnDisk: volfrac_D_00015 0

16,1
1.0000000000000000e+00,
1.0000000000000000e+00,
9.8159223054537237e-01,
9.7014084129623657e-01,
1.0000000000000000e+00,
1.0000000000000000e+00,
9.8159223054537237e-01,
9.6943637614043654e-01,
1.0000000000000000e+00,
1.0000000000000000e+00,
9.6247830886589669e-01,
9.8159223054537237e-01,
1.0000000000000000e+00,
1.0000000000000000e+00,
9.7185683034836390e-01,
9.8652965522164682e-01,

16,1
1.0000000000000000e+00,
1.0000000000000000e+00,
1.0000000000000000e+00,
1.0000000000000000e+00,
1.0000000000000000e+00,
1.0000000000000000e+00,
1.0000000000000000e+00,
1.0000000000000000e+00,
1.0000000000000000e+00,
1.0000000000000000e+00,
1.0000000000000000e+00,
1.0000000000000000e+00,
1.0000000000000000e+00,
1.0000000000000000e+00,
1.0000000000000000e+00,
1.0000000000000000e+00,

