1
1
3
1
(16 0
((0,0,6) (15,7,11) (0,0,0))
((0,8,6) (15,15,11) (0,0,0))
((0,0,12) (15,7,15) (0,0,0))
((0,8,12) (15,15,15) (0,0,0))
((16,0,6) (31,7,11) (0,0,0))
((16,8,6) (31,15,11) (0,0,0))
((16,0,12) (31,7,15) (0,0,0))
((16,8,12) (31,15,15) (0,0,0))
((0,16,6) (15,23,11) (0,0,0))
((0,24,6) (15,31,11) (0,0,0))
((0,16,12) (15,23,15) (0,0,0))
((0,24,12) (15,31,15) (0,0,0))
((16,16,6) (31,23,11) (0,0,0))
((16,24,6) (31,31,11) (0,0,0))
((16,16,12) (31,23,15) (0,0,0))
((16,24,12) (31,31,15) (0,0,0))
)
16
FabOnDisk: X_k_D_00000 0
FabOnDisk: X_k_D_00001 0
FabOnDisk: X_k_D_00008 0
FabOnDisk: X_k_D_00009 0
FabOnDisk: X_k_D_00002 0
FabOnDisk: X_k_D_00003 0
FabOnDisk: X_k_D_00010 0
FabOnDisk: X_k_D_00011 0
FabOnDisk: X_k_D_00004 0
FabOnDisk: X_k_D_00005 0
FabOnDisk: X_k_D_00012 0
FabOnDisk: X_k_D_00013 0
FabOnDisk: X_k_D_00006 0
FabOnDisk: X_k_D_00007 0
FabOnDisk: X_k_D_00014 0
FabOnDisk: X_k_D_00015 0

16,3
1.6538412118755890e-05,0.0000000000000000e+00,1.9844226429964866e-06,
1.2294384681546023e-05,0.0000000000000000e+00,2.0000000130201427e-06,
0.0000000000000000e+00,0.0000000000000000e+00,0.0000000000000000e+00,
0.0000000000000000e+00,0.0000000000000000e+00,0.0000000000000000e+00,
1.6920180658864764e-05,0.0000000000000000e+00,1.9999998442092677e-06,
1.3765390488706042e-05,0.0000000000000000e+00,1.9950628945502301e-06,
0.0000000000000000e+00,0.0000000000000000e+00,0.0000000000000000e+00,
0.0000000000000000e+00,0.0000000000000000e+00,0.0000000000000000e+00,
1.2111401106257998e-05,0.0000000000000000e+00,2.0000000026286210e-06,
1.7217069796508276e-05,0.0000000000000000e+00,1.9999999999999999e-06,
0.0000000000000000e+00,0.0000000000000000e+00,0.0000000000000000e+00,
0.0000000000000000e+00,0.0000000000000000e+00,0.0000000000000000e+00,
1.3719522950780614e-05,0.0000000000000000e+00,2.0000000029154882e-06,
1.8329797320205021e-05,0.0000000000000000e+00,1.9999999999999999e-06,
0.0000000000000000e+00,0.0000000000000000e+00,0.0000000000000000e+00,
0.0000000000000000e+00,0.0000000000000000e+00,0.0000000000000000e+00,

16,3
2.0000000000000002e-05,0.0000000000000000e+00,3.6547606227591048e-06,
1.9999999902768653e-05,0.0000000000000000e+00,8.7366290237549065e-06,
2.1161616772200848e-07,0.0000000000000000e+00,4.1338838279091597e-06,
2.0389599092217319e-07,0.0000000000000000e+00,8.3573854723974063e-06,
2.0000000000000002e-05,0.0000000000000000e+00,3.3588263244940143e-06,
1.9999999949214095e-05,0.0000000000000000e+00,7.4258594341026015e-06,
1.3651159692254367e-07,0.0000000000000000e+00,3.8502573605185423e-06,
2.1014291363292764e-07,0.0000000000000000e+00,9.2199095198050658e-06,
1.9999999984095206e-05,0.0000000000000000e+00,8.8695566275783033e-06,
2.0000000000000002e-05,0.0000000000000000e+00,2.8438444977178284e-06,
2.3084914119254773e-07,0.0000000000000000e+00,7.4730791893463097e-06,
1.3379550498000837e-07,0.0000000000000000e+00,3.4358257008720190e-06,
1.9999999976121980e-05,0.0000000000000000e+00,7.3165017329733062e-06,
2.0000000000000002e-05,0.0000000000000000e+00,2.3934696372644470e-06,
2.7517536944490066e-07,0.0000000000000000e+00,7.7193174799409930e-06,
2.1402704811908826e-07,0.0000000000000000e+00,2.5034214565570003e-06,

