1
1
3
1
(16 0
((0,0,16) (15,15,29) (0,0,0))
((16,0,16) (31,15,29) (0,0,0))
((0,16,16) (15,31,29) (0,0,0))
((16,16,16) (31,31,29) (0,0,0))
((32,0,16) (47,15,29) (0,0,0))
((48,0,16) (63,15,29) (0,0,0))
((32,16,16) (47,31,29) (0,0,0))
((48,16,16) (63,31,29) (0,0,0))
((0,32,16) (15,47,29) (0,0,0))
((16,32,16) (31,47,29) (0,0,0))
((0,48,16) (15,63,29) (0,0,0))
((16,48,16) (31,63,29) (0,0,0))
((32,32,16) (47,47,29) (0,0,0))
((48,32,16) (63,47,29) (0,0,0))
((32,48,16) (47,63,29) (0,0,0))
((48,48,16) (63,63,29) (0,0,0))
)
16
FabOnDisk: X_k_D_00000 0
FabOnDisk: X_k_D_00001 0
FabOnDisk: X_k_D_00002 0
FabOnDisk: X_k_D_00003 0
FabOnDisk: X_k_D_00004 0
FabOnDisk: X_k_D_00005 0
FabOnDisk: X_k_D_00006 0
FabOnDisk: X_k_D_00007 0
FabOnDisk: X_k_D_00008 0
FabOnDisk: X_k_D_00009 0
FabOnDisk: X_k_D_00010 0
FabOnDisk: X_k_D_00011 0
FabOnDisk: X_k_D_00012 0
FabOnDisk: X_k_D_00013 0
FabOnDisk: X_k_D_00014 0
FabOnDisk: X_k_D_00015 0

16,3
0.0000000000000000e+00,0.0000000000000000e+00,0.0000000000000000e+00,
0.0000000000000000e+00,0.0000000000000000e+00,0.0000000000000000e+00,
0.0000000000000000e+00,0.0000000000000000e+00,0.0000000000000000e+00,
0.0000000000000000e+00,0.0000000000000000e+00,0.0000000000000000e+00,
0.0000000000000000e+00,0.0000000000000000e+00,0.0000000000000000e+00,
0.0000000000000000e+00,0.0000000000000000e+00,0.0000000000000000e+00,
0.0000000000000000e+00,0.0000000000000000e+00,0.0000000000000000e+00,
0.0000000000000000e+00,0.0000000000000000e+00,0.0000000000000000e+00,
0.0000000000000000e+00,0.0000000000000000e+00,0.0000000000000000e+00,
0.0000000000000000e+00,0.0000000000000000e+00,0.0000000000000000e+00,
0.0000000000000000e+00,0.0000000000000000e+00,0.0000000000000000e+00,
0.0000000000000000e+00,0.0000000000000000e+00,0.0000000000000000e+00,
0.0000000000000000e+00,0.0000000000000000e+00,0.0000000000000000e+00,
0.0000000000000000e+00,0.0000000000000000e+00,0.0000000000000000e+00,
0.0000000000000000e+00,0.0000000000000000e+00,0.0000000000000000e+00,
0.0000000000000000e+00,0.0000000000000000e+00,0.0000000000000000e+00,

16,3
2.0000000000000002e-05,0.0000000000000000e+00,1.9999999999999999e-06,
2.0000000000000002e-05,0.0000000000000000e+00,1.9999999999999999e-06,
2.0000000000000002e-05,0.0000000000000000e+00,1.9999999999999999e-06,
2.0000000000000076e-05,0.0000000000000000e+00,2.1526757534105558e-06,
2.0000000000000002e-05,0.0000000000000000e+00,1.9999999999999999e-06,
2.0000000000000002e-05,0.0000000000000000e+00,1.9999999999999999e-06,
2.0000000000000215e-05,0.0000000000000000e+00,2.1839526502581313e-06,
2.0000000000000002e-05,0.0000000000000000e+00,1.9999999999999999e-06,
2.0000000000000002e-05,0.0000000000000000e+00,1.9999999999999999e-06,
2.0000000000000510e-05,0.0000000000000000e+00,9.1800726184677273e-06,
2.0000000000000002e-05,0.0000000000000000e+00,1.9999999999999999e-06,
2.0000000000000002e-05,0.0000000000000000e+00,1.9999999999999999e-06,
2.0000000000000778e-05,0.0000000000000000e+00,9.6982247561145893e-06,
2.0000000000000002e-05,0.0000000000000000e+00,1.9999999999999999e-06,
2.0000000000000002e-05,0.0000000000000000e+00,1.9999999999999999e-06,
2.0000000000000002e-05,0.0000000000000000e+00,1.9999999999999999e-06,

