1
1
3
1
(16 0
((0,0,16) (15,15,29) (0,0,0))
((16,0,16) (31,15,29) (0,0,0))
((0,16,16) (15,31,29) (0,0,0))
((16,16,16) (31,31,29) (0,0,0))
((32,0,16) (47,15,29) (0,0,0))
((48,0,16) (63,15,29) (0,0,0))
((32,16,16) (47,31,29) (0,0,0))
((48,16,16) (63,31,29) (0,0,0))
((0,32,16) (15,47,29) (0,0,0))
((16,32,16) (31,47,29) (0,0,0))
((0,48,16) (15,63,29) (0,0,0))
((16,48,16) (31,63,29) (0,0,0))
((32,32,16) (47,47,29) (0,0,0))
((48,32,16) (63,47,29) (0,0,0))
((32,48,16) (47,63,29) (0,0,0))
((48,48,16) (63,63,29) (0,0,0))
)
16
FabOnDisk: X_k_D_00000 0
FabOnDisk: X_k_D_00001 0
FabOnDisk: X_k_D_00002 0
FabOnDisk: X_k_D_00003 0
FabOnDisk: X_k_D_00004 0
FabOnDisk: X_k_D_00005 0
FabOnDisk: X_k_D_00006 0
FabOnDisk: X_k_D_00007 0
FabOnDisk: X_k_D_00008 0
FabOnDisk: X_k_D_00009 0
FabOnDisk: X_k_D_00010 0
FabOnDisk: X_k_D_00011 0
FabOnDisk: X_k_D_00012 0
FabOnDisk: X_k_D_00013 0
FabOnDisk: X_k_D_00014 0
FabOnDisk: X_k_D_00015 0

16,3
0.0000000000000000e+00,0.0000000000000000e+00,0.0000000000000000e+00,
0.0000000000000000e+00,0.0000000000000000e+00,0.0000000000000000e+00,
0.0000000000000000e+00,0.0000000000000000e+00,0.0000000000000000e+00,
0.0000000000000000e+00,0.0000000000000000e+00,0.0000000000000000e+00,
0.0000000000000000e+00,0.0000000000000000e+00,0.0000000000000000e+00,
0.0000000000000000e+00,0.0000000000000000e+00,0.0000000000000000e+00,
0.0000000000000000e+00,0.0000000000000000e+00,0.0000000000000000e+00,
0.0000000000000000e+00,0.0000000000000000e+00,0.0000000000000000e+00,
0.0000000000000000e+00,0.0000000000000000e+00,0.0000000000000000e+00,
0.0000000000000000e+00,0.0000000000000000e+00,0.0000000000000000e+00,
0.0000000000000000e+00,0.0000000000000000e+00,0.0000000000000000e+00,
0.0000000000000000e+00,0.0000000000000000e+00,0.0000000000000000e+00,
0.0000000000000000e+00,0.0000000000000000e+00,0.0000000000000000e+00,
0.0000000000000000e+00,0.0000000000000000e+00,0.0000000000000000e+00,
0.0000000000000000e+00,0.0000000000000000e+00,0.0000000000000000e+00,
0.0000000000000000e+00,0.0000000000000000e+00,0.0000000000000000e+00,

16,3
2.0000000000000002e-05,0.0000000000000000e+00,2.0000159704272426e-06,
1.9999999999925866e-05,0.0000000000000000e+00,2.0018343079222297e-06,
1.9999999999812004e-05,0.0000000000000000e+00,2.0718089207524634e-06,
1.9999960519259720e-05,0.0000000000000000e+00,2.0669559932897552e-05,
1.9999999999935963e-05,0.0000000000000000e+00,2.0016134739207012e-06,
2.0000000000000002e-05,0.0000000000000000e+00,2.0000100265191868e-06,
1.9999974097922861e-05,0.0000000000000000e+00,2.0675243929619428e-05,
1.9999999999829491e-05,0.0000000000000000e+00,2.0719951072486562e-06,
1.9999999999845411e-05,0.0000000000000000e+00,2.0243533657347403e-06,
1.9999979561278835e-05,0.0000000000000000e+00,2.0560398962646329e-05,
2.0000000000000002e-05,0.0000000000000000e+00,2.0000076421783537e-06,
1.9999999999920404e-05,0.0000000000000000e+00,2.0010430402841480e-06,
1.9999975231921439e-05,0.0000000000000000e+00,2.0717704470927853e-05,
1.9999999999834264e-05,0.0000000000000000e+00,2.1200965029020901e-06,
1.9999999999916020e-05,0.0000000000000000e+00,2.0010407813277484e-06,
2.0000000000000002e-05,0.0000000000000000e+00,2.0000091363620774e-06,

