1
1
1
1
(16 0
((0,0,16) (15,15,29) (0,0,0))
((16,0,16) (31,15,29) (0,0,0))
((0,16,16) (15,31,29) (0,0,0))
((16,16,16) (31,31,29) (0,0,0))
((32,0,16) (47,15,29) (0,0,0))
((48,0,16) (63,15,29) (0,0,0))
((32,16,16) (47,31,29) (0,0,0))
((48,16,16) (63,31,29) (0,0,0))
((0,32,16) (15,47,29) (0,0,0))
((16,32,16) (31,47,29) (0,0,0))
((0,48,16) (15,63,29) (0,0,0))
((16,48,16) (31,63,29) (0,0,0))
((32,32,16) (47,47,29) (0,0,0))
((48,32,16) (63,47,29) (0,0,0))
((32,48,16) (47,63,29) (0,0,0))
((48,48,16) (63,63,29) (0,0,0))
)
16
FabOnDisk: volfrac_D_00000 0
FabOnDisk: volfrac_D_00001 0
FabOnDisk: volfrac_D_00002 0
FabOnDisk: volfrac_D_00003 0
FabOnDisk: volfrac_D_00004 0
FabOnDisk: volfrac_D_00005 0
FabOnDisk: volfrac_D_00006 0
FabOnDisk: volfrac_D_00007 0
FabOnDisk: volfrac_D_00008 0
FabOnDisk: volfrac_D_00009 0
FabOnDisk: volfrac_D_00010 0
FabOnDisk: volfrac_D_00011 0
FabOnDisk: volfrac_D_00012 0
FabOnDisk: volfrac_D_00013 0
FabOnDisk: volfrac_D_00014 0
FabOnDisk: volfrac_D_00015 0

16,1
1.0000000000000000e+00,
1.0000000000000000e+00,
1.0000000000000000e+00,
9.0396219286556201e-01,
1.0000000000000000e+00,
1.0000000000000000e+00,
8.3819028333575463e-01,
1.0000000000000000e+00,
1.0000000000000000e+00,
8.5273784436297850e-01,
1.0000000000000000e+00,
1.0000000000000000e+00,
8.9980058839536914e-01,
1.0000000000000000e+00,
1.0000000000000000e+00,
1.0000000000000000e+00,

16,1
1.0000000000000000e+00,
1.0000000000000000e+00,
1.0000000000000000e+00,
1.0000000000000000e+00,
1.0000000000000000e+00,
1.0000000000000000e+00,
1.0000000000000000e+00,
1.0000000000000000e+00,
1.0000000000000000e+00,
1.0000000000000000e+00,
1.0000000000000000e+00,
1.0000000000000000e+00,
1.0000000000000000e+00,
1.0000000000000000e+00,
1.0000000000000000e+00,
1.0000000000000000e+00,

