1
1
3
1
(16 0
((0,0,16) (15,15,29) (0,0,0))
((16,0,16) (31,15,29) (0,0,0))
((0,16,16) (15,31,29) (0,0,0))
((16,16,16) (31,31,29) (0,0,0))
((32,0,16) (47,15,29) (0,0,0))
((48,0,16) (63,15,29) (0,0,0))
((32,16,16) (47,31,29) (0,0,0))
((48,16,16) (63,31,29) (0,0,0))
((0,32,16) (15,47,29) (0,0,0))
((16,32,16) (31,47,29) (0,0,0))
((0,48,16) (15,63,29) (0,0,0))
((16,48,16) (31,63,29) (0,0,0))
((32,32,16) (47,47,29) (0,0,0))
((48,32,16) (63,47,29) (0,0,0))
((32,48,16) (47,63,29) (0,0,0))
((48,48,16) (63,63,29) (0,0,0))
)
16
FabOnDisk: X_k_D_00000 0
FabOnDisk: X_k_D_00001 0
FabOnDisk: X_k_D_00002 0
FabOnDisk: X_k_D_00003 0
FabOnDisk: X_k_D_00004 0
FabOnDisk: X_k_D_00005 0
FabOnDisk: X_k_D_00006 0
FabOnDisk: X_k_D_00007 0
FabOnDisk: X_k_D_00008 0
FabOnDisk: X_k_D_00009 0
FabOnDisk: X_k_D_00010 0
FabOnDisk: X_k_D_00011 0
FabOnDisk: X_k_D_00012 0
FabOnDisk: X_k_D_00013 0
FabOnDisk: X_k_D_00014 0
FabOnDisk: X_k_D_00015 0

16,3
0.0000000000000000e+00,0.0000000000000000e+00,0.0000000000000000e+00,
0.0000000000000000e+00,0.0000000000000000e+00,0.0000000000000000e+00,
0.0000000000000000e+00,0.0000000000000000e+00,0.0000000000000000e+00,
0.0000000000000000e+00,0.0000000000000000e+00,0.0000000000000000e+00,
0.0000000000000000e+00,0.0000000000000000e+00,0.0000000000000000e+00,
0.0000000000000000e+00,0.0000000000000000e+00,0.0000000000000000e+00,
0.0000000000000000e+00,0.0000000000000000e+00,0.0000000000000000e+00,
0.0000000000000000e+00,0.0000000000000000e+00,0.0000000000000000e+00,
0.0000000000000000e+00,0.0000000000000000e+00,0.0000000000000000e+00,
0.0000000000000000e+00,0.0000000000000000e+00,0.0000000000000000e+00,
0.0000000000000000e+00,0.0000000000000000e+00,0.0000000000000000e+00,
0.0000000000000000e+00,0.0000000000000000e+00,0.0000000000000000e+00,
0.0000000000000000e+00,0.0000000000000000e+00,0.0000000000000000e+00,
0.0000000000000000e+00,0.0000000000000000e+00,0.0000000000000000e+00,
0.0000000000000000e+00,0.0000000000000000e+00,0.0000000000000000e+00,
0.0000000000000000e+00,0.0000000000000000e+00,0.0000000000000000e+00,

16,3
2.0000000000000002e-05,0.0000000000000000e+00,1.9999999999999999e-06,
2.0000000000000002e-05,0.0000000000000000e+00,2.0000000001333445e-06,
2.0000000000000002e-05,0.0000000000000000e+00,2.2930215198573766e-06,
2.0000000000000002e-05,0.0000000000000000e+00,1.6518333202534276e-05,
2.0000000000000002e-05,0.0000000000000000e+00,2.0000000001390150e-06,
2.0000000000000002e-05,0.0000000000000000e+00,1.9999999999999999e-06,
2.0000000000000002e-05,0.0000000000000000e+00,1.5350830201018870e-05,
2.0000000000000002e-05,0.0000000000000000e+00,2.0000000010166216e-06,
2.0000000000000002e-05,0.0000000000000000e+00,2.0865644715172589e-06,
2.0000000000000002e-05,0.0000000000000000e+00,1.6496770371726920e-05,
2.0000000000000002e-05,0.0000000000000000e+00,2.0000000000197599e-06,
2.0000000000000002e-05,0.0000000000000000e+00,2.0016948650091274e-06,
2.0000000000000002e-05,0.0000000000000000e+00,1.5850724750811908e-05,
2.0000000000000002e-05,0.0000000000000000e+00,2.0000000012536455e-06,
2.0000000000000002e-05,0.0000000000000000e+00,2.0019843542688176e-06,
2.0000000000000002e-05,0.0000000000000000e+00,1.9999999999999999e-06,

