1
1
3
1
(16 0
((0,0,6) (15,7,11) (0,0,0))
((0,8,6) (15,15,11) (0,0,0))
((0,0,12) (15,7,15) (0,0,0))
((0,8,12) (15,15,15) (0,0,0))
((16,0,6) (31,7,11) (0,0,0))
((16,8,6) (31,15,11) (0,0,0))
((16,0,12) (31,7,15) (0,0,0))
((16,8,12) (31,15,15) (0,0,0))
((0,16,6) (15,23,11) (0,0,0))
((0,24,6) (15,31,11) (0,0,0))
((0,16,12) (15,23,15) (0,0,0))
((0,24,12) (15,31,15) (0,0,0))
((16,16,6) (31,23,11) (0,0,0))
((16,24,6) (31,31,11) (0,0,0))
((16,16,12) (31,23,15) (0,0,0))
((16,24,12) (31,31,15) (0,0,0))
)
16
FabOnDisk: X_k_D_00000 0
FabOnDisk: X_k_D_00001 0
FabOnDisk: X_k_D_00008 0
FabOnDisk: X_k_D_00009 0
FabOnDisk: X_k_D_00002 0
FabOnDisk: X_k_D_00003 0
FabOnDisk: X_k_D_00010 0
FabOnDisk: X_k_D_00011 0
FabOnDisk: X_k_D_00004 0
FabOnDisk: X_k_D_00005 0
FabOnDisk: X_k_D_00012 0
FabOnDisk: X_k_D_00013 0
FabOnDisk: X_k_D_00006 0
FabOnDisk: X_k_D_00007 0
FabOnDisk: X_k_D_00014 0
FabOnDisk: X_k_D_00015 0

16,3
1.6568578216812356e-05,0.0000000000000000e+00,1.9880562239324052e-06,
1.2304045055091212e-05,0.0000000000000000e+00,2.0000000119619381e-06,
0.0000000000000000e+00,0.0000000000000000e+00,0.0000000000000000e+00,
0.0000000000000000e+00,0.0000000000000000e+00,0.0000000000000000e+00,
1.6960787467378648e-05,0.0000000000000000e+00,1.9999998030728810e-06,
1.3809542297272613e-05,0.0000000000000000e+00,2.0000000067027626e-06,
0.0000000000000000e+00,0.0000000000000000e+00,0.0000000000000000e+00,
0.0000000000000000e+00,0.0000000000000000e+00,0.0000000000000000e+00,
1.2121276224627777e-05,0.0000000000000000e+00,2.0000000024340012e-06,
1.7273135893824997e-05,0.0000000000000000e+00,1.9999571988427286e-06,
0.0000000000000000e+00,0.0000000000000000e+00,0.0000000000000000e+00,
0.0000000000000000e+00,0.0000000000000000e+00,0.0000000000000000e+00,
1.3732203363950967e-05,0.0000000000000000e+00,2.0000000026438985e-06,
1.8414550152092136e-05,0.0000000000000000e+00,1.9999999999999999e-06,
0.0000000000000000e+00,0.0000000000000000e+00,0.0000000000000000e+00,
0.0000000000000000e+00,0.0000000000000000e+00,0.0000000000000000e+00,

16,3
2.0000000000000002e-05,0.0000000000000000e+00,3.6194969521678402e-06,
1.9999999910717284e-05,0.0000000000000000e+00,8.7239825537457146e-06,
2.1165295115165389e-07,0.0000000000000000e+00,4.1024824232210235e-06,
2.0391475254862344e-07,0.0000000000000000e+00,8.2861421542992961e-06,
2.0000000000000002e-05,0.0000000000000000e+00,3.3260900979847412e-06,
1.9999999953004188e-05,0.0000000000000000e+00,7.4160202152508183e-06,
1.3659591663665315e-07,0.0000000000000000e+00,3.8003231431299802e-06,
2.0985778471213497e-07,0.0000000000000000e+00,9.2182673425048848e-06,
1.9999999985295496e-05,0.0000000000000000e+00,8.8567618837540139e-06,
2.0000000000000002e-05,0.0000000000000000e+00,2.8016107943472479e-06,
2.2792779091417114e-07,0.0000000000000000e+00,7.4689112686122943e-06,
1.3404174574220119e-07,0.0000000000000000e+00,3.3576540720977335e-06,
1.9999999978280359e-05,0.0000000000000000e+00,7.3014533158073288e-06,
2.0000000000000002e-05,0.0000000000000000e+00,2.3602687048746086e-06,
2.7550028247095229e-07,0.0000000000000000e+00,7.7164196224119491e-06,
2.1352476873174494e-07,0.0000000000000000e+00,2.3882832150146675e-06,

