1
1
3
1
(16 0
((0,0,6) (15,7,11) (0,0,0))
((0,8,6) (15,15,11) (0,0,0))
((0,0,12) (15,7,15) (0,0,0))
((0,8,12) (15,15,15) (0,0,0))
((16,0,6) (31,7,11) (0,0,0))
((16,8,6) (31,15,11) (0,0,0))
((16,0,12) (31,7,15) (0,0,0))
((16,8,12) (31,15,15) (0,0,0))
((0,16,6) (15,23,11) (0,0,0))
((0,24,6) (15,31,11) (0,0,0))
((0,16,12) (15,23,15) (0,0,0))
((0,24,12) (15,31,15) (0,0,0))
((16,16,6) (31,23,11) (0,0,0))
((16,24,6) (31,31,11) (0,0,0))
((16,16,12) (31,23,15) (0,0,0))
((16,24,12) (31,31,15) (0,0,0))
)
16
FabOnDisk: X_k_D_00000 0
FabOnDisk: X_k_D_00001 0
FabOnDisk: X_k_D_00008 0
FabOnDisk: X_k_D_00009 0
FabOnDisk: X_k_D_00002 0
FabOnDisk: X_k_D_00003 0
FabOnDisk: X_k_D_00010 0
FabOnDisk: X_k_D_00011 0
FabOnDisk: X_k_D_00004 0
FabOnDisk: X_k_D_00005 0
FabOnDisk: X_k_D_00012 0
FabOnDisk: X_k_D_00013 0
FabOnDisk: X_k_D_00006 0
FabOnDisk: X_k_D_00007 0
FabOnDisk: X_k_D_00014 0
FabOnDisk: X_k_D_00015 0

16,3
2.0000000000000002e-05,0.0000000000000000e+00,1.9999999999999999e-06,
1.9764999903211793e-05,0.0000000000000000e+00,1.9999999014731643e-06,
0.0000000000000000e+00,0.0000000000000000e+00,0.0000000000000000e+00,
0.0000000000000000e+00,0.0000000000000000e+00,0.0000000000000000e+00,
2.0000000000000002e-05,0.0000000000000000e+00,1.9999999999999999e-06,
1.9748848074974130e-05,0.0000000000000000e+00,1.9999999999999999e-06,
0.0000000000000000e+00,0.0000000000000000e+00,0.0000000000000000e+00,
0.0000000000000000e+00,0.0000000000000000e+00,0.0000000000000000e+00,
1.9053050108163846e-05,0.0000000000000000e+00,1.9999999398066576e-06,
2.0000000000000002e-05,0.0000000000000000e+00,1.9999999999999999e-06,
0.0000000000000000e+00,0.0000000000000000e+00,0.0000000000000000e+00,
0.0000000000000000e+00,0.0000000000000000e+00,0.0000000000000000e+00,
1.9021897915461351e-05,0.0000000000000000e+00,1.9999999999999415e-06,
2.0000000000000002e-05,0.0000000000000000e+00,1.9999999999999999e-06,
0.0000000000000000e+00,0.0000000000000000e+00,0.0000000000000000e+00,
0.0000000000000000e+00,0.0000000000000000e+00,0.0000000000000000e+00,

16,3
2.0000000000000002e-05,0.0000000000000000e+00,1.9999999999999999e-06,
2.0000000000000002e-05,0.0000000000000000e+00,2.0311999446377692e-06,
1.4679291377488846e-28,0.0000000000000000e+00,1.2260561313035976e-30,
2.9497353860137855e-14,0.0000000000000000e+00,1.1352506290225096e-15,
2.0000000000000002e-05,0.0000000000000000e+00,1.9999999999999999e-06,
2.0000000000000002e-05,0.0000000000000000e+00,2.0404444072897037e-06,
1.7853976658324277e-28,0.0000000000000000e+00,6.5241038904275377e-32,
3.3499832647766387e-14,0.0000000000000000e+00,1.9406456072293135e-15,
2.0000000000000002e-05,0.0000000000000000e+00,2.1953149758875285e-06,
2.0000000000000002e-05,0.0000000000000000e+00,1.9999999999999999e-06,
4.3092802782626558e-08,0.0000000000000000e+00,1.1475090773009828e-06,
9.3890417819654260e-28,0.0000000000000000e+00,1.0258539496507635e-26,
2.0000000000000002e-05,0.0000000000000000e+00,2.2288564660430532e-06,
2.0000000000000002e-05,0.0000000000000000e+00,1.9999999999999999e-06,
4.2944514605488296e-08,0.0000000000000000e+00,1.2122780945052426e-06,
1.1961053143449602e-27,0.0000000000000000e+00,1.8958620187389639e-26,

