1
1
3
1
(16 0
((0,0,16) (15,15,29) (0,0,0))
((16,0,16) (31,15,29) (0,0,0))
((0,16,16) (15,31,29) (0,0,0))
((16,16,16) (31,31,29) (0,0,0))
((32,0,16) (47,15,29) (0,0,0))
((48,0,16) (63,15,29) (0,0,0))
((32,16,16) (47,31,29) (0,0,0))
((48,16,16) (63,31,29) (0,0,0))
((0,32,16) (15,47,29) (0,0,0))
((16,32,16) (31,47,29) (0,0,0))
((0,48,16) (15,63,29) (0,0,0))
((16,48,16) (31,63,29) (0,0,0))
((32,32,16) (47,47,29) (0,0,0))
((48,32,16) (63,47,29) (0,0,0))
((32,48,16) (47,63,29) (0,0,0))
((48,48,16) (63,63,29) (0,0,0))
)
16
FabOnDisk: X_k_D_00000 0
FabOnDisk: X_k_D_00001 0
FabOnDisk: X_k_D_00002 0
FabOnDisk: X_k_D_00003 0
FabOnDisk: X_k_D_00004 0
FabOnDisk: X_k_D_00005 0
FabOnDisk: X_k_D_00006 0
FabOnDisk: X_k_D_00007 0
FabOnDisk: X_k_D_00008 0
FabOnDisk: X_k_D_00009 0
FabOnDisk: X_k_D_00010 0
FabOnDisk: X_k_D_00011 0
FabOnDisk: X_k_D_00012 0
FabOnDisk: X_k_D_00013 0
FabOnDisk: X_k_D_00014 0
FabOnDisk: X_k_D_00015 0

16,3
0.0000000000000000e+00,0.0000000000000000e+00,0.0000000000000000e+00,
0.0000000000000000e+00,0.0000000000000000e+00,0.0000000000000000e+00,
0.0000000000000000e+00,0.0000000000000000e+00,0.0000000000000000e+00,
0.0000000000000000e+00,0.0000000000000000e+00,0.0000000000000000e+00,
0.0000000000000000e+00,0.0000000000000000e+00,0.0000000000000000e+00,
0.0000000000000000e+00,0.0000000000000000e+00,0.0000000000000000e+00,
0.0000000000000000e+00,0.0000000000000000e+00,0.0000000000000000e+00,
0.0000000000000000e+00,0.0000000000000000e+00,0.0000000000000000e+00,
0.0000000000000000e+00,0.0000000000000000e+00,0.0000000000000000e+00,
0.0000000000000000e+00,0.0000000000000000e+00,0.0000000000000000e+00,
0.0000000000000000e+00,0.0000000000000000e+00,0.0000000000000000e+00,
0.0000000000000000e+00,0.0000000000000000e+00,0.0000000000000000e+00,
0.0000000000000000e+00,0.0000000000000000e+00,0.0000000000000000e+00,
0.0000000000000000e+00,0.0000000000000000e+00,0.0000000000000000e+00,
0.0000000000000000e+00,0.0000000000000000e+00,0.0000000000000000e+00,
0.0000000000000000e+00,0.0000000000000000e+00,0.0000000000000000e+00,

16,3
2.0000000000000002e-05,0.0000000000000000e+00,1.6409547871806778e-05,
1.9999999999896399e-05,0.0000000000000000e+00,1.6639151640840893e-05,
1.9999999506155338e-05,0.0000000000000000e+00,2.0820756984603029e-05,
1.9999235503787708e-05,0.0000000000000000e+00,2.1496204070614386e-05,
1.9999999999804063e-05,0.0000000000000000e+00,1.6432043189206475e-05,
2.0000000000000002e-05,0.0000000000000000e+00,1.5177184712078039e-05,
1.9998367539584414e-05,0.0000000000000000e+00,2.1766292560664301e-05,
1.9999999737814753e-05,0.0000000000000000e+00,2.0657644535362919e-05,
1.9999999945210773e-05,0.0000000000000000e+00,2.0919704195119474e-05,
1.9999136208223780e-05,0.0000000000000000e+00,2.1054530698085793e-05,
2.0000000000000002e-05,0.0000000000000000e+00,9.7557374748931012e-06,
1.9999999999947120e-05,0.0000000000000000e+00,1.4718275194570787e-05,
1.9999552037625454e-05,0.0000000000000000e+00,2.1484813222433668e-05,
1.9999999897788461e-05,0.0000000000000000e+00,1.9930391843121166e-05,
1.9999999999943281e-05,0.0000000000000000e+00,1.2864494924452425e-05,
2.0000000000000002e-05,0.0000000000000000e+00,2.4719696757773056e-06,

