1
1
3
1
(16 0
((0,0,16) (15,15,29) (0,0,0))
((16,0,16) (31,15,29) (0,0,0))
((0,16,16) (15,31,29) (0,0,0))
((16,16,16) (31,31,29) (0,0,0))
((32,0,16) (47,15,29) (0,0,0))
((48,0,16) (63,15,29) (0,0,0))
((32,16,16) (47,31,29) (0,0,0))
((48,16,16) (63,31,29) (0,0,0))
((0,32,16) (15,47,29) (0,0,0))
((16,32,16) (31,47,29) (0,0,0))
((0,48,16) (15,63,29) (0,0,0))
((16,48,16) (31,63,29) (0,0,0))
((32,32,16) (47,47,29) (0,0,0))
((48,32,16) (63,47,29) (0,0,0))
((32,48,16) (47,63,29) (0,0,0))
((48,48,16) (63,63,29) (0,0,0))
)
16
FabOnDisk: X_k_D_00000 0
FabOnDisk: X_k_D_00001 0
FabOnDisk: X_k_D_00002 0
FabOnDisk: X_k_D_00003 0
FabOnDisk: X_k_D_00004 0
FabOnDisk: X_k_D_00005 0
FabOnDisk: X_k_D_00006 0
FabOnDisk: X_k_D_00007 0
FabOnDisk: X_k_D_00008 0
FabOnDisk: X_k_D_00009 0
FabOnDisk: X_k_D_00010 0
FabOnDisk: X_k_D_00011 0
FabOnDisk: X_k_D_00012 0
FabOnDisk: X_k_D_00013 0
FabOnDisk: X_k_D_00014 0
FabOnDisk: X_k_D_00015 0

16,3
0.0000000000000000e+00,0.0000000000000000e+00,0.0000000000000000e+00,
0.0000000000000000e+00,0.0000000000000000e+00,0.0000000000000000e+00,
0.0000000000000000e+00,0.0000000000000000e+00,0.0000000000000000e+00,
0.0000000000000000e+00,0.0000000000000000e+00,0.0000000000000000e+00,
0.0000000000000000e+00,0.0000000000000000e+00,0.0000000000000000e+00,
0.0000000000000000e+00,0.0000000000000000e+00,0.0000000000000000e+00,
0.0000000000000000e+00,0.0000000000000000e+00,0.0000000000000000e+00,
0.0000000000000000e+00,0.0000000000000000e+00,0.0000000000000000e+00,
0.0000000000000000e+00,0.0000000000000000e+00,0.0000000000000000e+00,
0.0000000000000000e+00,0.0000000000000000e+00,0.0000000000000000e+00,
0.0000000000000000e+00,0.0000000000000000e+00,0.0000000000000000e+00,
0.0000000000000000e+00,0.0000000000000000e+00,0.0000000000000000e+00,
0.0000000000000000e+00,0.0000000000000000e+00,0.0000000000000000e+00,
0.0000000000000000e+00,0.0000000000000000e+00,0.0000000000000000e+00,
0.0000000000000000e+00,0.0000000000000000e+00,0.0000000000000000e+00,
0.0000000000000000e+00,0.0000000000000000e+00,0.0000000000000000e+00,

16,3
2.0000000000000002e-05,0.0000000000000000e+00,1.6516541760825314e-05,
1.9999999999886997e-05,0.0000000000000000e+00,1.6722419865595362e-05,
1.9999999447743949e-05,0.0000000000000000e+00,2.0821049165203514e-05,
1.9999218624800937e-05,0.0000000000000000e+00,2.1493059042053685e-05,
1.9999999999785309e-05,0.0000000000000000e+00,1.6540967492313882e-05,
2.0000000000000002e-05,0.0000000000000000e+00,1.5311015605663080e-05,
1.9998301822313247e-05,0.0000000000000000e+00,2.1502698839184314e-05,
1.9999999709850123e-05,0.0000000000000000e+00,2.0660807720895338e-05,
1.9999999939318510e-05,0.0000000000000000e+00,2.0919582622997147e-05,
1.9999118171827957e-05,0.0000000000000000e+00,2.1053187958513774e-05,
2.0000000000000002e-05,0.0000000000000000e+00,1.0175757025249545e-05,
1.9999999999941021e-05,0.0000000000000000e+00,1.4974218848741830e-05,
1.9999539032015312e-05,0.0000000000000000e+00,2.1457420440369892e-05,
1.9999999885707888e-05,0.0000000000000000e+00,2.0488281639251035e-05,
1.9999999999940232e-05,0.0000000000000000e+00,1.3245826578863289e-05,
2.0000000000000002e-05,0.0000000000000000e+00,2.5053613093005806e-06,

