1
1
3
1
(16 0
((0,0,0) (7,3,3) (0,0,0))
((0,4,0) (7,7,3) (0,0,0))
((0,0,4) (7,3,7) (0,0,0))
((0,4,4) (7,7,7) (0,0,0))
((8,0,0) (15,3,3) (0,0,0))
((8,4,0) (15,7,3) (0,0,0))
((8,0,4) (15,3,7) (0,0,0))
((8,4,4) (15,7,7) (0,0,0))
((0,8,0) (7,11,3) (0,0,0))
((0,12,0) (7,15,3) (0,0,0))
((0,8,4) (7,11,7) (0,0,0))
((0,12,4) (7,15,7) (0,0,0))
((8,8,0) (15,11,3) (0,0,0))
((8,12,0) (15,15,3) (0,0,0))
((8,8,4) (15,11,7) (0,0,0))
((8,12,4) (15,15,7) (0,0,0))
)
16
FabOnDisk: X_k_D_00000 0
FabOnDisk: X_k_D_00001 0
FabOnDisk: X_k_D_00002 0
FabOnDisk: X_k_D_00003 0
FabOnDisk: X_k_D_00004 0
FabOnDisk: X_k_D_00005 0
FabOnDisk: X_k_D_00006 0
FabOnDisk: X_k_D_00007 0
FabOnDisk: X_k_D_00008 0
FabOnDisk: X_k_D_00009 0
FabOnDisk: X_k_D_00010 0
FabOnDisk: X_k_D_00011 0
FabOnDisk: X_k_D_00012 0
FabOnDisk: X_k_D_00013 0
FabOnDisk: X_k_D_00014 0
FabOnDisk: X_k_D_00015 0

16,3
1.9999651823276089e-05,0.0000000000000000e+00,1.9999999999999999e-06,
1.9923871768865218e-05,0.0000000000000000e+00,2.0000000000557991e-06,
0.0000000000000000e+00,0.0000000000000000e+00,0.0000000000000000e+00,
4.5316479732255708e-20,0.0000000000000000e+00,2.5665978777420309e-17,
1.9999388538958649e-05,0.0000000000000000e+00,1.9999999999999999e-06,
1.9922527589019419e-05,0.0000000000000000e+00,2.0000000000368920e-06,
0.0000000000000000e+00,0.0000000000000000e+00,0.0000000000000000e+00,
8.2728733852018098e-21,0.0000000000000000e+00,5.0611976013784489e-19,
1.9924175785406004e-05,0.0000000000000000e+00,2.0000000000242441e-06,
1.9999715364832190e-05,0.0000000000000000e+00,1.9999999999999999e-06,
1.9646185188006803e-20,0.0000000000000000e+00,1.5584032315597428e-19,
0.0000000000000000e+00,0.0000000000000000e+00,0.0000000000000000e+00,
1.9924877656284377e-05,0.0000000000000000e+00,2.0000000000102469e-06,
1.9999922712100821e-05,0.0000000000000000e+00,1.9999999999999999e-06,
0.0000000000000000e+00,0.0000000000000000e+00,1.3148037965418064e-18,
0.0000000000000000e+00,0.0000000000000000e+00,0.0000000000000000e+00,

16,3
2.0000000000000002e-05,0.0000000000000000e+00,2.0000813281891685e-06,
1.9999999999698251e-05,0.0000000000000000e+00,2.0513766974778181e-06,
1.9999999999999819e-05,0.0000000000000000e+00,2.5445338813287406e-06,
1.9999694121191432e-05,0.0000000000000000e+00,5.8735323458504656e-06,
2.0000000000000002e-05,0.0000000000000000e+00,2.0001532519868254e-06,
1.9999999999802856e-05,0.0000000000000000e+00,2.0517050200284444e-06,
2.0000000000000002e-05,0.0000000000000000e+00,2.3442387111066350e-06,
1.9999978560976492e-05,0.0000000000000000e+00,5.2420566833460094e-06,
1.9999999999902562e-05,0.0000000000000000e+00,2.0513174058055860e-06,
2.0000000000000002e-05,0.0000000000000000e+00,2.0000644556862742e-06,
1.9999993734162831e-05,0.0000000000000000e+00,6.2139687865605734e-06,
2.0000000000000002e-05,0.0000000000000000e+00,2.2676758354526917e-06,
1.9999999999952642e-05,0.0000000000000000e+00,2.0505661410805827e-06,
2.0000000000000002e-05,0.0000000000000000e+00,2.0000347454854545e-06,
1.9999933382750480e-05,0.0000000000000000e+00,4.6489403494252878e-06,
2.0000000000000002e-05,0.0000000000000000e+00,2.0581390823370843e-06,

