1
1
3
1
(16 0
((0,0,6) (15,7,11) (0,0,0))
((0,8,6) (15,15,11) (0,0,0))
((0,0,12) (15,7,15) (0,0,0))
((0,8,12) (15,15,15) (0,0,0))
((16,0,6) (31,7,11) (0,0,0))
((16,8,6) (31,15,11) (0,0,0))
((16,0,12) (31,7,15) (0,0,0))
((16,8,12) (31,15,15) (0,0,0))
((0,16,6) (15,23,11) (0,0,0))
((0,24,6) (15,31,11) (0,0,0))
((0,16,12) (15,23,15) (0,0,0))
((0,24,12) (15,31,15) (0,0,0))
((16,16,6) (31,23,11) (0,0,0))
((16,24,6) (31,31,11) (0,0,0))
((16,16,12) (31,23,15) (0,0,0))
((16,24,12) (31,31,15) (0,0,0))
)
16
FabOnDisk: X_k_D_00000 0
FabOnDisk: X_k_D_00001 0
FabOnDisk: X_k_D_00008 0
FabOnDisk: X_k_D_00009 0
FabOnDisk: X_k_D_00002 0
FabOnDisk: X_k_D_00003 0
FabOnDisk: X_k_D_00010 0
FabOnDisk: X_k_D_00011 0
FabOnDisk: X_k_D_00004 0
FabOnDisk: X_k_D_00005 0
FabOnDisk: X_k_D_00012 0
FabOnDisk: X_k_D_00013 0
FabOnDisk: X_k_D_00006 0
FabOnDisk: X_k_D_00007 0
FabOnDisk: X_k_D_00014 0
FabOnDisk: X_k_D_00015 0

16,3
1.9999999998188432e-05,0.0000000000000000e+00,1.9999999999999999e-06,
1.5581112162866477e-05,0.0000000000000000e+00,1.9999999999999999e-06,
0.0000000000000000e+00,0.0000000000000000e+00,0.0000000000000000e+00,
0.0000000000000000e+00,0.0000000000000000e+00,0.0000000000000000e+00,
1.9999999998375636e-05,0.0000000000000000e+00,1.9999999999999999e-06,
1.5891119836073096e-05,0.0000000000000000e+00,1.9999999999999999e-06,
0.0000000000000000e+00,0.0000000000000000e+00,0.0000000000000000e+00,
0.0000000000000000e+00,0.0000000000000000e+00,0.0000000000000000e+00,
1.3452786911194698e-05,0.0000000000000000e+00,1.9999999999999694e-06,
1.9996631275093630e-05,0.0000000000000000e+00,1.9999999999999999e-06,
0.0000000000000000e+00,0.0000000000000000e+00,0.0000000000000000e+00,
0.0000000000000000e+00,0.0000000000000000e+00,0.0000000000000000e+00,
1.4366649639590268e-05,0.0000000000000000e+00,1.9999999999999999e-06,
1.9996116518325956e-05,0.0000000000000000e+00,1.9999999999999440e-06,
0.0000000000000000e+00,0.0000000000000000e+00,0.0000000000000000e+00,
0.0000000000000000e+00,0.0000000000000000e+00,0.0000000000000000e+00,

16,3
2.0000000000000002e-05,0.0000000000000000e+00,2.0000000000580441e-06,
2.0000000000000002e-05,0.0000000000000000e+00,4.4379740247007397e-06,
1.8471785467451039e-21,0.0000000000000000e+00,4.3381417938487502e-28,
8.7871542539590521e-08,0.0000000000000000e+00,5.8520194831696468e-06,
2.0000000000000002e-05,0.0000000000000000e+00,2.0000000000631149e-06,
2.0000000000000002e-05,0.0000000000000000e+00,3.9563114284044837e-06,
1.7444694058115589e-21,0.0000000000000000e+00,1.4141101412846493e-26,
1.0273204965869805e-07,0.0000000000000000e+00,6.2739999329684083e-06,
2.0000000000000002e-05,0.0000000000000000e+00,6.8454797139649894e-06,
2.0000000000000002e-05,0.0000000000000000e+00,2.0006082473690543e-06,
1.5116961657465283e-07,0.0000000000000000e+00,4.9491671525366558e-06,
2.3684852926837013e-16,0.0000000000000000e+00,7.4258682407042710e-16,
2.0000000000000002e-05,0.0000000000000000e+00,6.0275852547451033e-06,
2.0000000000000002e-05,0.0000000000000000e+00,2.0007687940521468e-06,
2.8829336065816780e-07,0.0000000000000000e+00,5.0050604957543219e-06,
1.9166023746582605e-16,0.0000000000000000e+00,5.6368783344655222e-16,

